Run semi-empirical minimization
 &qmmm
    qm_theory='AM1', grms_tol=0.0005,
  scfconv=1.d-10,   qmcharge=0,
 /
   6    C1        0.8090       10.4290       -2.3120 
  16    S2       -0.5250        9.4710       -3.0820 
   8    O3       -0.4640        9.5800       -4.4970 
   8    O4       -1.7470        9.6680       -2.3840 
   7    N5       -0.1300        7.8920       -2.7760 
   6    C6       -0.1110        7.3960       -1.3980 
   6    C7       -0.0900        5.8660       -1.4070 
   6    C8       -0.0700        5.3470        0.0320 
   6    C9       -0.0500        3.8400        0.0230 
   6   C10        1.1560        3.1650        0.0080 
   6   C11        1.1750        1.7830        0.0000 
   6   C12       -0.0130        1.0760        0.0080 
   6   C13       -1.2190        1.7510        0.0170 
   6   C14       -1.2380        3.1330        0.0290 
   1   H15        1.7620       10.1530       -2.7630 
   1   H16        0.6280       11.4930       -2.4660 
   1   H17        0.8390       10.2170       -1.2430 
   1   H18        0.0900        7.2960       -3.5090 
   1   H19       -1.0010        7.7440       -0.8740 
   1   H20        0.7790        7.7680       -0.8890 
   1   H21        0.8000        5.5180       -1.9310 
   1   H22       -0.9800        5.4930       -1.9150 
   1   H23       -0.9610        5.6950        0.5560 
   1   H24        0.8190        5.7190        0.5400 
   1   H25        2.0840        3.7180        0.0030 
   1   H26        2.1180        1.2560       -0.0110 
   1   H27        0.0020       -0.0040        0.0020 
   1   H28       -2.1470        1.1980        0.0190 
   1   H29       -2.1800        3.6600        0.0410 

