Run semi-empirical minimization
 &qmmm
    qm_theory='AM1', grms_tol=0.0005,
  scfconv=1.d-10,   qmcharge=0,
 /
   8    O1       -3.0680       -1.6100       -2.4980 
  16    S2       -1.9080       -0.8630       -2.1560 
   7    N3       -2.4410        0.6200       -1.6470 
   6    C4       -1.4820        1.6160       -1.1620 
   6    C5       -0.8180        1.2180        0.1580 
  16    S6       -2.2600        1.8390        1.0680 
   8    O7       -3.3350        0.8100        0.7470 
   6    C8       -2.1490        2.8040       -0.4650 
   6    C9       -0.4790        2.0350       -2.2380 
   6   C10       -1.2300        2.4130       -3.5170 
   6   C11       -0.2410        2.8260       -4.5770 
   6   C12        0.1380        4.1500       -4.6900 
   6   C13        1.0480        4.5280       -5.6590 
   6   C14        1.5710        3.5830       -6.5220 
   6   C15        1.1880        2.2600       -6.4120 
   6   C16        0.2820        1.8810       -5.4390 
   7   N17       -1.2360       -1.6180       -0.8440 
   6   C18       -2.0960       -2.2680        0.1480 
   6   C19        0.2200       -1.6370       -0.6760 
   8   O20       -0.8460       -0.6180       -3.0660 
   1   H21       -3.3880        0.8290       -1.6710 
   1   H22       -0.6770        0.1420        0.2600 
   1   H23        0.0930        1.7800        0.3650 
   1   H24       -1.4940        3.6720       -0.3780 
   1   H25       -3.1220        3.0570       -0.8850 
   1   H26        0.0940        2.8930       -1.8860 
   1   H27        0.1980        1.2060       -2.4460 
   1   H28       -1.8030        1.5550       -3.8680 
   1   H29       -1.9070        3.2420       -3.3090 
   1   H30       -0.2750        4.8890       -4.0190 
   1   H31        1.3470        5.5630       -5.7450 
   1   H32        2.2790        3.8790       -7.2820 
   1   H33        1.5970        1.5220       -7.0860 
   1   H34       -0.0180        0.8470       -5.3540 
   1   H35       -2.2590       -3.3070       -0.1370 
   1   H36       -1.6150       -2.2310        1.1260 
   1   H37       -3.0530       -1.7500        0.1940 
   1   H38        0.6830       -1.0260       -1.4520 
   1   H39        0.4770       -1.2360        0.3040 
   1   H40        0.5820       -2.6620       -0.7560 

