Run semi-empirical minimization
 &qmmm
    qm_theory='AM1', grms_tol=0.0005,
  scfconv=1.d-10,   qmcharge=0,
 /
   6    C1        1.1660        0.0870       -2.7900 
  16    S2       -0.3340       -0.4110       -1.9000 
   7    N3       -0.0570        0.0470       -0.3340 
   6    C4        0.1350        1.4630       -0.0070 
   6    C5       -0.3700        1.8320        1.3890 
  16    S6       -0.7940        3.4930        0.7910 
   6    C7       -0.9260        2.3730       -0.6300 
   8    O8        0.3350        4.3520        0.7110 
   8    O9       -2.0600        3.9410        1.2570 
   6   C10        1.5650        1.9360       -0.2740 
   6   C11        2.5490        1.0340        0.4730 
   6   C12        3.9600        1.4270        0.1180 
   6   C13        4.5950        0.8300       -0.9550 
   6   C14        5.8870        1.1940       -1.2830 
   6   C15        6.5490        2.1470       -0.5320 
   6   C16        5.9160        2.7410        0.5440 
   6   C17        4.6220        2.3810        0.8690 
   8   O18       -0.4300       -1.8270       -1.8390 
   8   O19       -1.4410        0.3820       -2.3070 
   1   H20        2.0290       -0.4250       -2.3630 
   1   H21        1.0700       -0.1800       -3.8430 
   1   H22        1.3020        1.1650       -2.6990 
   1   H23       -0.0210       -0.6210        0.3680 
   1   H24       -1.2400        1.2530        1.6970 
   1   H25        0.4170        1.8360        2.1430 
   1   H26       -0.6040        2.8290       -1.5660 
   1   H27       -1.9040        1.8980       -0.7120 
   1   H28        1.7700        1.8890       -1.3440 
   1   H29        1.6790        2.9640        0.0720 
   1   H30        2.4000        1.1460        1.5470 
   1   H31        2.3790       -0.0040        0.1880 
   1   H32        4.0790        0.0820       -1.5390 
   1   H33        6.3820        0.7300       -2.1240 
   1   H34        7.5600        2.4280       -0.7860 
   1   H35        6.4330        3.4850        1.1310 
   1   H36        4.1280        2.8440        1.7110 

