Run semi-empirical minimization
 &qmmm
    qm_theory='AM1', grms_tol=0.0005,
  scfconv=1.d-10,   qmcharge=0,
 /
   8    O1       -1.3940        6.4190        0.4770 
  16    S2       -0.1570        5.8350        0.0910 
   7    N3        0.0290        6.1590       -1.5220 
   6    C4       -1.0980        5.9800       -2.4410 
   6    C5       -2.4110        6.5510       -1.9000 
  16    S6       -2.6680        5.0380       -0.9330 
   6    C7       -1.6960        4.5720       -2.3930 
   6    C8       -0.7770        6.4490       -3.8610 
   6    C9       -0.0760        7.8070       -3.8030 
   6   C10        0.2410        8.2690       -5.2020 
   6   C11        1.4500        7.9350       -5.7830 
   6   C12        1.7390        8.3550       -7.0680 
   6   C13        0.8230        9.1170       -7.7690 
   6   C14       -0.3840        9.4550       -7.1860 
   6   C15       -0.6750        9.0310       -5.9030 
   6   C16       -0.3590        4.0920        0.2530 
   6   C17        0.6140        3.2360       -0.2280 
   6   C18        0.4570        1.8690       -0.1000 
   6   C19       -0.6730        1.3570        0.5100 
   6   C20       -1.6490        2.2130        0.9860 
   6   C21       -1.4890        3.5810        0.8620 
   8   O22        1.0810        6.1550        0.7100 
   1   H23        0.8850        6.4670       -1.8600 
   1   H24       -2.2700        7.4370       -1.2800 
   1   H25       -3.1650        6.6990       -2.6740 
   1   H26       -2.3120        4.3380       -3.2610 
   1   H27       -0.9560        3.7990       -2.1850 
   1   H28       -0.1230        5.7230       -4.3440 
   1   H29       -1.7010        6.5410       -4.4310 
   1   H30       -0.7300        8.5330       -3.3200 
   1   H31        0.8490        7.7150       -3.2330 
   1   H32        2.1680        7.3440       -5.2340 
   1   H33        2.6820        8.0910       -7.5230 
   1   H34        1.0500        9.4480       -8.7710 
   1   H35       -1.1000       10.0500       -7.7330 
   1   H36       -1.6180        9.2950       -5.4480 
   1   H37        1.4980        3.6360       -0.7040 
   1   H38        1.2170        1.2000       -0.4760 
   1   H39       -0.7960        0.2890        0.6100 
   1   H40       -2.5340        1.8140        1.4590 
   1   H41       -2.2500        4.2490        1.2380 

