Run semi-empirical minimization
 &qmmm
    qm_theory='AM1', grms_tol=0.0005,
  scfconv=1.d-10,   qmcharge=0,
 /
   6    C1        0.6900       -0.3710        0.4860 
  16    S2        0.0780        1.2880        0.0800 
   7    N3       -0.1960        1.9980        1.5510 
   6    C4       -1.2430        1.4770        2.4320 
   6    C5       -1.1880       -0.0430        2.5990 
  16    S6       -2.0890       -0.2440        1.0380 
   6    C7       -2.6020        1.3480        1.7410 
   6    C8       -1.3150        2.2280        3.7640 
   6    C9        0.0980        2.4150        4.3200 
   6   C10        0.0280        3.1540        5.6320 
   6   C11        0.0930        4.5340        5.6510 
   6   C12        0.0230        5.2130        6.8540 
   6   C13       -0.1000        4.5100        8.0380 
   6   C14       -0.1600        3.1290        8.0180 
   6   C15       -0.0960        2.4510        6.8150 
   8   O16        1.1110        2.0720       -0.5010 
   8   O17       -1.2090        1.2120       -0.5180 
   1   H18        1.4220       -0.3010        1.2910 
   1   H19       -0.1430       -0.9970        0.8050 
   1   H20        1.1590       -0.8110       -0.3940 
   1   H21        0.3380        2.7600        1.8280 
   1   H22       -0.1740       -0.4410        2.5630 
   1   H23       -1.7450       -0.3990        3.4650 
   1   H24       -3.4330        1.2600        2.4410 
   1   H25       -2.7730        2.1150        0.9850 
   1   H26       -1.7750        3.2030        3.6070 
   1   H27       -1.9110        1.6540        4.4730 
   1   H28        0.5590        1.4390        4.4770 
   1   H29        0.6950        2.9880        3.6110 
   1   H30        0.1940        5.0830        4.7270 
   1   H31        0.0710        6.2910        6.8690 
   1   H32       -0.1500        5.0390        8.9770 
   1   H33       -0.2570        2.5790        8.9430 
   1   H34       -0.1420        1.3720        6.8010 

