Run semi-empirical minimization
 &qmmm
    qm_theory='AM1', grms_tol=0.0005,
  scfconv=1.d-10,   qmcharge=0,
 /
   8    O1       -1.3540        8.1580       -0.8920 
  16    S2       -0.1150        7.6800       -1.3960 
   6    C3       -0.0900        5.8660       -1.4070 
   6    C4       -0.0700        5.3470        0.0320 
   6    C5       -0.0500        3.8400        0.0230 
   6    C6        1.1560        3.1650        0.0080 
   6    C7        1.1750        1.7830        0.0000 
   6    C8       -0.0130        1.0760        0.0080 
   6    C9       -1.2190        1.7510        0.0170 
   6   C10       -1.2380        3.1330        0.0290 
   7   N11       -0.1340        8.1020       -2.9970 
   6   C12       -1.1950        7.7830       -3.7650 
   6   C13       -1.2130        8.1680       -5.2220 
   8   O14       -2.1340        7.1860       -3.2840 
   8   O15        1.1200        8.1920       -0.9130 
   1   H16        0.8000        5.5180       -1.9310 
   1   H17       -0.9800        5.4930       -1.9150 
   1   H18       -0.9610        5.6950        0.5560 
   1   H19        0.8190        5.7190        0.5400 
   1   H20        2.0840        3.7180        0.0030 
   1   H21        2.1180        1.2560       -0.0110 
   1   H22        0.0020       -0.0040        0.0020 
   1   H23       -2.1470        1.1980        0.0190 
   1   H24       -2.1800        3.6600        0.0410 
   1   H25        0.6170        8.5800       -3.3820 
   1   H26       -0.3690        7.7030       -5.7310 
   1   H27       -2.1440        7.8280       -5.6760 
   1   H28       -1.1390        9.2520       -5.3130 

