Run semi-empirical minimization
 &qmmm
    qm_theory='AM1', grms_tol=0.0005,
  scfconv=1.d-10,   qmcharge=0,
 /
   8    O1        0.5370        7.7980       -3.4610 
  16    S2        0.4480        7.8090       -2.0430 
   7    N3       -0.0320        6.2900       -1.5930 
   6    C4       -1.1750        5.6560       -2.2560 
   6    C5       -1.0830        4.1290       -2.2850 
  16    S6       -1.9680        4.1100       -3.8690 
   6    C7       -1.0780        5.6880       -3.7830 
   8    O8       -3.3720        4.2620       -3.7160 
   8    O9       -1.3980        3.2080       -4.8090 
   6   C10       -2.5160        6.1690       -1.7280 
   6   C11       -2.6390        5.8350       -0.2400 
   6   C12       -4.0110        6.2220        0.2500 
   6   C13       -4.2310        7.4880        0.7580 
   6   C14       -5.4910        7.8450        1.2030 
   6   C15       -6.5270        6.9320        1.1500 
   6   C16       -6.3050        5.6630        0.6460 
   6   C17       -5.0470        5.3090        0.1970 
   6   C18       -0.8620        8.9130       -1.6350 
   6   C19       -0.9680        9.4160       -0.3520 
   6   C20       -1.9970       10.2820       -0.0310 
   6   C21       -2.9200       10.6450       -0.9940 
   6   C22       -2.8170       10.1380       -2.2760 
   6   C23       -1.7860        9.2760       -2.5980 
   8   O24        1.5390        8.1510       -1.1990 
   1   H25        0.4420        5.8190       -0.8900 
   1   H26       -0.0590        3.7630       -2.3610 
   1   H27       -1.6380        3.6510       -1.4780 
   1   H28       -1.6290        6.5160       -4.2300 
   1   H29       -0.0530        5.6230       -4.1490 
   1   H30       -2.5720        7.2490       -1.8640 
   1   H31       -3.3290        5.6910       -2.2760 
   1   H32       -2.4900        4.7650       -0.0940 
   1   H33       -1.8840        6.3870        0.3200 
   1   H34       -3.4210        8.2010        0.8040 
   1   H35       -5.6640        8.8360        1.5970 
   1   H36       -7.5100        7.2090        1.5010 
   1   H37       -7.1150        4.9500        0.6050 
   1   H38       -4.8740        4.3180       -0.1960 
   1   H39       -0.2470        9.1330        0.4010 
   1   H40       -2.0790       10.6750        0.9710 
   1   H41       -3.7240       11.3220       -0.7440 
   1   H42       -3.5410       10.4180       -3.0270 
   1   H43       -1.7030        8.8830       -3.6000 

