Run semi-empirical minimization
 &qmmm
    qm_theory='AM1', grms_tol=0.0005,
  scfconv=1.d-10,   qmcharge=0,
 /
   8    O1       -2.3280       -0.1730        0.0240 
   6    C2       -1.2660       -0.7640        0.0110 
   6    C3        0.0020       -0.0040        0.0020 
   6    C4       -0.0170        1.3920        0.0100 
   6    C5        1.1700        2.0940        0.0020 
   6    C6        2.3780        1.4190       -0.0130 
   6    C7        2.4030        0.0360       -0.0210 
   6    C8        1.2240       -0.6790       -0.0130 
   7    N9       -1.2450       -2.1110        0.0030 
  16   S10       -2.6650       -2.9620        0.0130 
   6   C11       -3.4930       -2.6120       -1.5030 
   6   C12       -4.3750       -1.5500       -1.5790 
   6   C13       -5.0210       -1.2720       -2.7690 
   6   C14       -4.7930       -2.0630       -3.8800 
   6   C15       -3.9150       -3.1280       -3.8020 
   6   C16       -3.2650       -3.4030       -2.6140 
   8   O17       -2.3090       -4.3370       -0.0330 
   8   O18       -3.4630       -2.4000        1.0450 
   1   H19       -0.9590        1.9200        0.0170 
   1   H20        1.1570        3.1740        0.0080 
   1   H21        3.3040        1.9740       -0.0190 
   1   H22        3.3490       -0.4860       -0.0330 
   1   H23        1.2450       -1.7590       -0.0200 
   1   H24       -0.3970       -2.5830       -0.0080 
   1   H25       -4.5560       -0.9350       -0.7100 
   1   H26       -5.7070       -0.4400       -2.8300 
   1   H27       -5.3010       -1.8490       -4.8090 
   1   H28       -3.7380       -3.7460       -4.6700 
   1   H29       -2.5800       -4.2350       -2.5530 

