Run semi-empirical minimization
 &qmmm
    qm_theory='AM1', grms_tol=0.0005,
  scfconv=1.d-10,   qmcharge=0,
 /
   6    C1        0.7360        1.5320        2.8910 
  16    S2        1.1370       -0.1820        2.4500 
   7    N3       -0.2040       -0.7260        1.6450 
   6    C4       -0.5590       -0.1540        0.3440 
   6    C5       -0.6880        1.3810        0.3540 
   8    O6        0.7050        1.3880       -0.0150 
   6    C7        0.6460        0.0660       -0.5890 
   6    C8       -1.7360       -0.8680       -0.3240 
   6    C9       -1.5680       -2.3810       -0.1690 
   6   C10       -2.7270       -3.0840       -0.8270 
   6   C11       -3.8650       -3.3740       -0.0970 
   6   C12       -4.9300       -4.0150       -0.7020 
   6   C13       -4.8530       -4.3760       -2.0340 
   6   C14       -3.7130       -4.0910       -2.7630 
   6   C15       -2.6510       -3.4450       -2.1600 
   8   O16        1.2010       -0.9940        3.6150 
   8   O17        2.1700       -0.2170        1.4750 
   1   H18       -0.2320        1.5610        3.3920 
   1   H19        1.5030        1.9240        3.5590 
   1   H20        0.6960        2.1390        1.9870 
   1   H21       -0.7530       -1.4240        2.0350 
   1   H22       -1.3510        1.7730       -0.4170 
   1   H23       -0.8850        1.8010        1.3410 
   1   H24        1.5080       -0.5570       -0.3510 
   1   H25        0.3910        0.0550       -1.6490 
   1   H26       -2.6670       -0.5550        0.1490 
   1   H27       -1.7630       -0.6120       -1.3830 
   1   H28       -0.6370       -2.6940       -0.6420 
   1   H29       -1.5420       -2.6370        0.8900 
   1   H30       -3.9230       -3.0960        0.9450 
   1   H31       -5.8200       -4.2380       -0.1330 
   1   H32       -5.6830       -4.8810       -2.5060 
   1   H33       -3.6530       -4.3730       -3.8040 
   1   H34       -1.7600       -3.2230       -2.7290 

