Run semi-empirical minimization
 &qmmm
    qm_theory='AM1', grms_tol=0.0005,
  scfconv=1.d-10,   qmcharge=0,
 /
   8    O1        0.6050        1.8000        1.2450 
  16    S2        1.2790        0.5760        1.5010 
   7    N3        0.1140       -0.6000        1.5420 
   6    C4       -1.0990       -0.4020        2.3400 
   6    C5       -2.3390       -1.0490        1.7210 
  16    S6       -3.3720        0.2670        2.4240 
   8    O7       -4.1650        0.7600        1.2210 
   6    C8       -1.7270        0.9800        2.1480 
   6    C9       -0.8980       -0.7720        3.8110 
   6   C10       -0.1580       -2.1080        3.9050 
   6   C11        0.0390       -2.4720        5.3540 
   6   C12        1.1800       -2.0640        6.0200 
   6   C13        1.3590       -2.3940        7.3500 
   6   C14        0.4020       -3.1410        8.0120 
   6   C15       -0.7360       -3.5540        7.3440 
   6   C16       -0.9170       -3.2190        6.0150 
   6   C17        1.9470        0.7050        3.1260 
   6   C18        1.3850        1.5800        4.0370 
   6   C19        1.9060        1.6780        5.3130 
   6   C20        2.9960        0.9090        5.6760 
   6   C21        3.5620        0.0380        4.7630 
   6   C22        3.0370       -0.0640        3.4880 
   8   O23        2.3230        0.0770        0.6760 
   1   H24        0.2340       -1.4200        1.0380 
   1   H25       -2.3250       -1.0470        0.6310 
   1   H26       -2.5600       -2.0340        2.1330 
   1   H27       -1.4350        1.6950        2.9170 
   1   H28       -1.5940        1.3750        1.1400 
   1   H29       -0.3120        0.0040        4.3040 
   1   H30       -1.8690       -0.8590        4.3000 
   1   H31       -0.7450       -2.8830        3.4120 
   1   H32        0.8120       -2.0210        3.4160 
   1   H33        1.9290       -1.4840        5.5020 
   1   H34        2.2480       -2.0720        7.8710 
   1   H35        0.5440       -3.4030        9.0500 
   1   H36       -1.4830       -4.1380        7.8610 
   1   H37       -1.8060       -3.5420        5.4940 
   1   H38        0.5360        2.1840        3.7520 
   1   H39        1.4650        2.3590        6.0260 
   1   H40        3.4060        0.9890        6.6720 
   1   H41        4.4130       -0.5630        5.0460 
   1   H42        3.4790       -0.7440        2.7750 

