Run semi-empirical minimization
 &qmmm
    qm_theory='AM1', grms_tol=0.0005,
  scfconv=1.d-10,   qmcharge=0,
 /
   8    O1       -2.4720        0.7810       -0.0170 
  16    S2       -1.4560        1.7740        0.0190 
   7    N3       -0.0110        0.9660        0.0070 
   6    C4        1.1840        1.6780       -0.0000 
   7    N5        1.3220        2.9790        0.0060 
   8    O6        2.4850        3.3070       -0.0030 
   6    C7        3.3030        2.2390       -0.0170 
   6    C8        4.7810        2.2540       -0.0310 
   6    C9        5.4940        1.0540       -0.0380 
   6   C10        6.8730        1.0750       -0.0550 
   6   C11        7.5500        2.2820       -0.0560 
   6   C12        6.8490        3.4750       -0.0430 
   6   C13        5.4700        3.4680       -0.0310 
   6   C14        2.4950        1.1370       -0.0100 
   7   N15       -1.5650        2.6050       -1.4100 
   6   C16       -2.1760        1.9720       -2.5810 
   6   C17       -1.0490        3.9730       -1.5030 
   8   O18       -1.3610        2.7520        1.0450 
   1   H19        0.0020       -0.0040        0.0020 
   1   H20        4.9670        0.1110       -0.0340 
   1   H21        7.4260        0.1470       -0.0650 
   1   H22        8.6300        2.2930       -0.0650 
   1   H23        7.3830        4.4130       -0.0440 
   1   H24        4.9240        4.3990       -0.0220 
   1   H25        2.7860        0.0980       -0.0130 
   1   H26       -3.2460        2.1800       -2.5890 
   1   H27       -1.7220        2.3690       -3.4880 
   1   H28       -2.0160        0.8940       -2.5360 
   1   H29       -0.0020        3.9460       -1.8080 
   1   H30       -1.6280        4.5300       -2.2390 
   1   H31       -1.1310        4.4590       -0.5310 

