Run semi-empirical minimization
 &qmmm
    qm_theory='AM1', grms_tol=0.0005,
  scfconv=1.d-10,   qmcharge=0,
 /
   6    C1        2.4400       10.4530       -2.7540 
   7    N2        1.2800       10.2150       -1.8910 
   6    C3        1.3880       10.4240       -0.4460 
  16    S4       -0.1520        9.7090       -2.5500 
   8    O5       -0.1350       10.1190       -3.9110 
   8    O6       -1.1710       10.0910       -1.6370 
   7    N7       -0.1300        8.0530       -2.5610 
   6    C8       -0.1110        7.3730       -1.3980 
   8    O9       -0.1100        7.9730       -0.3440 
   6   C10       -0.0900        5.8660       -1.4070 
   6   C11       -0.0700        5.3470        0.0320 
   6   C12       -0.0500        3.8400        0.0230 
   6   C13        1.1560        3.1650        0.0080 
   6   C14        1.1750        1.7830        0.0000 
   6   C15       -0.0130        1.0760        0.0080 
   6   C16       -1.2190        1.7510        0.0170 
   6   C17       -1.2380        3.1330        0.0290 
   1   H18        2.4370       11.4900       -3.0890 
   1   H19        3.3550       10.2530       -2.1970 
   1   H20        2.3900        9.7920       -3.6200 
   1   H21        0.4320       10.1990        0.0260 
   1   H22        2.1570        9.7670       -0.0400 
   1   H23        1.6550       11.4620       -0.2480 
   1   H24       -0.1310        7.5740       -3.4040 
   1   H25        0.8000        5.5180       -1.9310 
   1   H26       -0.9800        5.4930       -1.9150 
   1   H27       -0.9610        5.6950        0.5560 
   1   H28        0.8190        5.7190        0.5400 
   1   H29        2.0840        3.7180        0.0030 
   1   H30        2.1180        1.2560       -0.0110 
   1   H31        0.0020       -0.0040        0.0020 
   1   H32       -2.1470        1.1980        0.0190 
   1   H33       -2.1800        3.6600        0.0410 

