Run semi-empirical minimization
 &qmmm
    qm_theory='AM1', grms_tol=0.0005,
  scfconv=1.d-10,   qmcharge=0,
 /
   8    O1       -2.4720        0.7810       -0.0170 
  16    S2       -1.4560        1.7740        0.0190 
   7    N3       -0.0110        0.9660        0.0070 
   6    C4        1.1950        1.6840       -0.0000 
   7    N5        1.3350        3.0170        0.0060 
   7    N6        2.5880        3.3090       -0.0050 
   6    C7        2.4510        1.1660       -0.0100 
   7    N8        3.2980        2.2360       -0.0180 
   6    C9        4.6990        2.1770       -0.0320 
   6   C10        5.3430        0.9470       -0.0410 
   6   C11        6.7230        0.8920       -0.0610 
   6   C12        7.4630        2.0600       -0.0620 
   6   C13        6.8250        3.2870       -0.0480 
   6   C14        5.4450        3.3480       -0.0330 
   7   N15       -1.5650        2.6050       -1.4100 
   6   C16       -2.1760        1.9720       -2.5810 
   6   C17       -1.0490        3.9730       -1.5030 
   8   O18       -1.3610        2.7520        1.0450 
   1   H19        0.0020       -0.0040        0.0020 
   1   H20        2.7230        0.1210       -0.0120 
   1   H21        4.7660        0.0350       -0.0350 
   1   H22        7.2250       -0.0640       -0.0720 
   1   H23        8.5420        2.0150       -0.0730 
   1   H24        7.4050        4.1970       -0.0490 
   1   H25        4.9470        4.3060       -0.0230 
   1   H26       -3.2460        2.1800       -2.5890 
   1   H27       -1.7220        2.3690       -3.4880 
   1   H28       -2.0160        0.8940       -2.5360 
   1   H29       -0.0020        3.9460       -1.8080 
   1   H30       -1.6280        4.5300       -2.2390 
   1   H31       -1.1310        4.4590       -0.5310 

