Run semi-empirical minimization
 &qmmm
    qm_theory='AM1', grms_tol=0.0005,
  scfconv=1.d-10,   qmcharge=0,
 /
   8    O1        0.3230        2.7100       -4.4480 
  16    S2       -0.7930        2.5200       -3.5890 
   6    C3       -1.6280        4.0980       -3.2730 
   6    C4       -2.2950        4.5900       -4.5590 
   6    C5       -2.9890        5.9010       -4.2960 
   6    C6       -4.3100        5.9150       -3.8870 
   6    C7       -4.9450        7.1170       -3.6410 
   6    C8       -4.2630        8.3070       -3.8140 
   6    C9       -2.9440        8.2940       -4.2280 
   6   C10       -2.3070        7.0910       -4.4690 
   7   N11       -0.1220        2.1080       -2.1320 
   6   C12       -0.9820        1.8800       -0.9680 
   6   C13       -2.2400        1.0740       -1.3000 
   6   C14       -0.2270        1.3700        0.2730 
   8   O15       -1.0300        2.3110        1.0130 
   6   C16       -1.2580        3.1490       -0.1400 
   8   O17       -1.7440        1.4940       -3.8400 
   1   H18       -2.3860        3.9600       -2.5010 
   1   H19       -0.8980        4.8350       -2.9380 
   1   H20       -1.5380        4.7280       -5.3310 
   1   H21       -3.0250        3.8530       -4.8940 
   1   H22       -4.8440        4.9850       -3.7560 
   1   H23       -5.9750        7.1280       -3.3170 
   1   H24       -4.7600        9.2470       -3.6250 
   1   H25       -2.4110        9.2240       -4.3640 
   1   H26       -1.2770        7.0810       -4.7930 
   1   H27        0.8400        2.0170       -2.0490 
   1   H28       -2.8700        1.0030       -0.4140 
   1   H29       -2.7910        1.5720       -2.0980 
   1   H30       -1.9550        0.0740       -1.6250 
   1   H31       -0.4310        0.3280        0.5170 
   1   H32        0.8370        1.6060        0.2700 
   1   H33       -0.5090        3.9310       -0.2690 
   1   H34       -2.2790        3.5190       -0.2270 

