Run semi-empirical minimization
 &qmmm
    qm_theory='AM1', grms_tol=0.0005,
  scfconv=1.d-10,   qmcharge=0,
 /
   8    O1       -0.5010        6.5100        0.4340 
  16    S2       -1.2790        5.6300        1.2340 
   6    C3       -2.3250        4.5240        0.2470 
   6    C4       -1.1160        3.6260       -0.0230 
   7    N5       -1.4690        2.2110       -0.1650 
   6    C6       -2.2440        1.8090       -1.1920 
   6    C7       -2.5150        0.3420       -1.4030 
   8    O8       -2.7260        2.6290       -1.9440 
   6    C9       -0.2380        4.1270       -1.1720 
   6   C10        1.0000        3.2360       -1.2950 
   6   C11        1.8040        3.6570       -2.4980 
   6   C12        1.5570        3.0800       -3.7300 
   6   C13        2.2910        3.4690       -4.8350 
   6   C14        3.2790        4.4270       -4.7060 
   6   C15        3.5290        5.0000       -3.4730 
   6   C16        2.7910        4.6150       -2.3690 
   6   C17       -0.5550        3.9700        1.3580 
   8   O18       -1.9050        6.0480        2.4390 
   1   H19       -2.7170        4.9960       -0.6540 
   1   H20       -3.1010        4.0320        0.8330 
   1   H21       -1.1460        1.5630        0.4810 
   1   H22       -1.7510       -0.0780       -2.0580 
   1   H23       -2.4930       -0.1730       -0.4420 
   1   H24       -3.4960        0.2160       -1.8600 
   1   H25       -0.8040        4.0940       -2.1030 
   1   H26        0.0720        5.1530       -0.9710 
   1   H27        1.6100        3.3360       -0.3970 
   1   H28        0.6890        2.1980       -1.4100 
   1   H29        0.7880        2.3280       -3.8300 
   1   H30        2.0960        3.0210       -5.7980 
   1   H31        3.8560        4.7280       -5.5680 
   1   H32        4.3010        5.7490       -3.3720 
   1   H33        2.9870        5.0620       -1.4060 
   1   H34       -0.9910        3.3720        2.1590 
   1   H35        0.5340        3.9790        1.3890 

