Run semi-empirical minimization
 &qmmm
    qm_theory='AM1', grms_tol=0.0005,
  scfconv=1.d-10,   qmcharge=0,
 /
   8    O1       -2.0950        5.2000       -1.8760 
   6    C2       -1.1560        5.8190       -2.3290 
   7    N3       -0.0950        6.1010       -1.5470 
  16    S4       -0.0740        5.6020        0.0320 
   6    C5       -0.0500        3.8400        0.0220 
   6    C6        1.1560        3.1650        0.0080 
   6    C7        1.1750        1.7830        0.0000 
   6    C8       -0.0130        1.0760        0.0080 
   6    C9       -1.2190        1.7510        0.0170 
   6   C10       -1.2380        3.1330        0.0290 
   8   O11       -1.3240        5.9830        0.5900 
   8   O12        1.1750        6.0170        0.5680 
   6   C13       -1.1740        6.2730       -3.7660 
   6   C14       -2.4810        5.8270       -4.4240 
   6   C15       -2.5000        6.2810       -5.8610 
   6   C16       -3.0310        7.5150       -6.1900 
   6   C17       -3.0440        7.9330       -7.5070 
   6   C18       -2.5350        7.1130       -8.4970 
   6   C19       -2.0090        5.8780       -8.1700 
   6   C20       -1.9920        5.4620       -6.8520 
   1   H21        0.6570        6.5960       -1.9090 
   1   H22        2.0840        3.7180        0.0030 
   1   H23        2.1180        1.2560       -0.0110 
   1   H24        0.0020       -0.0040        0.0020 
   1   H25       -2.1470        1.1980        0.0190 
   1   H26       -2.1800        3.6600        0.0410 
   1   H27       -1.1000        7.3600       -3.8050 
   1   H28       -0.3310        5.8320       -4.2970 
   1   H29       -2.5560        4.7410       -4.3860 
   1   H30       -3.3250        6.2680       -3.8930 
   1   H31       -3.4320        8.1530       -5.4160 
   1   H32       -3.4550        8.8980       -7.7630 
   1   H33       -2.5490        7.4380       -9.5270 
   1   H34       -1.6120        5.2370       -8.9430 
   1   H35       -1.5810        4.4960       -6.5950 

