Run semi-empirical minimization
 &qmmm
    qm_theory='AM1', grms_tol=0.0005,
  scfconv=1.d-10,   qmcharge=0,
 /
   8    O1        1.1730        6.1240        0.4860 
  16    S2       -0.1340        5.7580        0.0650 
   7    N3       -0.1810        5.9950       -1.5740 
   6    C4       -1.4000        5.6860       -2.3240 
   6    C5       -2.6920        6.1780       -1.6430 
   8    O6       -2.7300        4.8740       -1.0280 
   6    C7       -1.9420        4.2660       -2.0720 
   6    C8       -1.3000        6.0540       -3.8060 
   6    C9       -0.6880        7.4500       -3.9440 
   6   C10       -0.5900        7.8130       -5.4030 
   6   C11        0.5510        7.5000       -6.1180 
   6   C12        0.6400        7.8290       -7.4570 
   6   C13       -0.4090        8.4800       -8.0800 
   6   C14       -1.5480        8.7980       -7.3630 
   6   C15       -1.6380        8.4640       -6.0250 
   6   C16       -1.2360        6.9240        0.7930 
   6   C17       -2.5130        6.5360        1.1530 
   6   C18       -3.3780        7.4510        1.7240 
   6   C19       -2.9660        8.7540        1.9350 
   6   C20       -1.6900        9.1430        1.5700 
   6   C21       -0.8240        8.2270        1.0030 
   8   O22       -0.6950        4.4740        0.3000 
   1   H23        0.5990        6.3400       -2.0360 
   1   H24       -2.5350        6.9940       -0.9380 
   1   H25       -3.5120        6.3620       -2.3360 
   1   H26       -2.5340        3.8670       -2.8950 
   1   H27       -1.1900        3.5650       -1.7080 
   1   H28       -0.6700        5.3290       -4.3190 
   1   H29       -2.2960        6.0490       -4.2490 
   1   H30       -1.3190        8.1760       -3.4300 
   1   H31        0.3080        7.4550       -3.5000 
   1   H32        1.3720        6.9950       -5.6300 
   1   H33        1.5300        7.5810       -8.0170 
   1   H34       -0.3380        8.7410       -9.1250 
   1   H35       -2.3670        9.3070       -7.8500 
   1   H36       -2.5280        8.7130       -5.4650 
   1   H37       -2.8350        5.5190        0.9890 
   1   H38       -4.3760        7.1490        2.0050 
   1   H39       -3.6420        9.4690        2.3800 
   1   H40       -1.3700       10.1610        1.7300 
   1   H41        0.1730        8.5300        0.7210 

