Run semi-empirical minimization
 &qmmm
    qm_theory='AM1', grms_tol=0.0005,
  scfconv=1.d-10,   qmcharge=0,
 /
   8    O1        0.1510        6.5050        2.6260 
  16    S2        0.4790        6.0090        1.3350 
   7    N3        0.5810        4.3630        1.4790 
   6    C4        1.2060        3.5720        0.4160 
   6    C5        0.4800        3.6640       -0.9390 
   8    O6        1.3760        4.7580       -1.2170 
   6    C7        2.3730        4.2880       -0.2880 
   6    C8        1.5290        2.1400        0.8480 
   6    C9        0.3070        1.5250        1.5330 
   6   C10        0.6260        0.1150        1.9580 
   6   C11        0.3790       -0.9390        1.0980 
   6   C12        0.6760       -2.2320        1.4860 
   6   C13        1.2100       -2.4720        2.7380 
   6   C14        1.4520       -1.4190        3.6000 
   6   C15        1.1600       -0.1260        3.2100 
   7   N16       -0.8230        6.3360        0.3650 
   6   C17       -2.1790        6.2940        0.9190 
   6   C18       -0.6190        6.6680       -1.0470 
   8   O19        1.6310        6.4210        0.6130 
   1   H20        0.2270        3.9220        2.2680 
   1   H21        0.6320        2.7960       -1.5810 
   1   H22       -0.5660        3.9590       -0.8610 
   1   H23        2.8290        5.0790        0.3080 
   1   H24        3.1050        3.6110       -0.7280 
   1   H25        2.3680        2.1510        1.5430 
   1   H26        1.7920        1.5470       -0.0280 
   1   H27       -0.5320        1.5140        0.8370 
   1   H28        0.0450        2.1180        2.4090 
   1   H29       -0.0420       -0.7520        0.1210 
   1   H30        0.4870       -3.0550        0.8120 
   1   H31        1.4380       -3.4830        3.0430 
   1   H32        1.8690       -1.6070        4.5780 
   1   H33        1.3490        0.6970        3.8830 
   1   H34       -2.2630        7.0210        1.7270 
   1   H35       -2.8980        6.5350        0.1370 
   1   H36       -2.3820        5.2960        1.3050 
   1   H37       -0.7370        5.7690       -1.6520 
   1   H38       -1.3520        7.4130       -1.3560 
   1   H39        0.3860        7.0690       -1.1850 

