Run semi-empirical minimization
 &qmmm
    qm_theory='AM1', grms_tol=0.0005,
  scfconv=1.d-10,   qmcharge=0,
 /
   8    O1        1.1320       -2.1980        0.0150 
  16    S2        1.4470       -0.8120       -0.0160 
   7    N3        0.0020       -0.0040        0.0020 
   6    C4       -0.0170        1.3870        0.0100 
   7    N5        1.0200        2.1860        0.0040 
   8    O6        0.6910        3.3490        0.0130 
   6    C7       -0.6470        3.4860        0.0270 
   6    C8       -1.4080        4.7540        0.0410 
   6    C9       -2.8040        4.7330        0.0480 
   6   C10       -3.5080        5.9190        0.0660 
   6   C11       -2.8340        7.1280        0.0670 
   6   C12       -1.4500        7.1550        0.0540 
   6   C13       -0.7340        5.9760        0.0410 
   6   C14       -1.1630        2.2210        0.0190 
   6   C15        2.2640       -0.4550        1.5040 
   6   C16        3.1130        0.6320        1.5930 
   6   C17        3.7500        0.9160        2.7870 
   6   C18        3.5450        0.1070        3.8890 
   6   C19        2.6990       -0.9830        3.7990 
   6   C20        2.0590       -1.2640        2.6060 
   8   O21        2.2290       -0.2150       -1.0410 
   1   H22       -0.8310       -0.5000        0.0070 
   1   H23       -3.3310        3.7910        0.0430 
   1   H24       -4.5880        5.9050        0.0760 
   1   H25       -3.3900        8.0540        0.0770 
   1   H26       -0.9300        8.1010        0.0540 
   1   H27        0.3450        5.9980        0.0310 
   1   H28       -2.2020        1.9250        0.0210 
   1   H29        3.2770        1.2620        0.7310 
   1   H30        4.4110        1.7670        2.8580 
   1   H31        4.0460        0.3260        4.8200 
   1   H32        2.5400       -1.6160        4.6590 
   1   H33        1.3980       -2.1150        2.5360 

