Run semi-empirical minimization
 &qmmm
    qm_theory='AM1', grms_tol=0.0005,
  scfconv=1.d-10,   qmcharge=0,
 /
   6    C1        1.4380        9.8550       -2.5080 
  16    S2       -0.1510        9.2570       -3.1440 
   8    O3       -0.1910        9.3580       -4.5610 
   8    O4       -1.2220        9.7400       -2.3450 
   7    N5       -0.1270        7.6270       -2.8520 
   6    C6       -0.1090        7.1700       -1.5840 
   8    O7       -0.1120        7.9550       -0.6550 
   7    N8       -0.0890        5.8440       -1.3460 
   6    C9       -0.0700        5.3470        0.0320 
   6   C10       -0.0500        3.8400        0.0230 
   6   C11        1.1560        3.1650        0.0080 
   6   C12        1.1750        1.7830        0.0000 
   6   C13       -0.0130        1.0760        0.0080 
   6   C14       -1.2190        1.7510        0.0170 
   6   C15       -1.2380        3.1330        0.0290 
   1   H16        2.2520        9.3590       -3.0370 
   1   H17        1.5090       10.9320       -2.6600 
   1   H18        1.5100        9.6340       -1.4430 
   1   H19       -0.1250        7.0010       -3.5930 
   1   H20       -0.0870        5.2180       -2.0870 
   1   H21       -0.9610        5.6950        0.5560 
   1   H22        0.8190        5.7190        0.5400 
   1   H23        2.0840        3.7180        0.0030 
   1   H24        2.1180        1.2560       -0.0110 
   1   H25        0.0020       -0.0040        0.0020 
   1   H26       -2.1470        1.1980        0.0190 
   1   H27       -2.1800        3.6600        0.0410 

