Run semi-empirical minimization
 &qmmm
    qm_theory='AM1', grms_tol=0.0005,
  scfconv=1.d-10,   qmcharge=0,
 /
   6    C1        1.4400       10.1790       -1.8190 
  16    S2       -0.1520        9.7090       -2.5500 
   8    O3       -0.1950       10.0680       -3.9250 
   8    O4       -1.2210       10.0400       -1.6740 
   7    N5       -0.1300        8.0530       -2.5610 
   6    C6       -0.1110        7.3730       -1.3980 
   8    O7       -0.1100        7.9730       -0.3440 
   6    C8       -0.0900        5.8660       -1.4070 
   6    C9       -0.0700        5.3470        0.0320 
   6   C10       -0.0500        3.8400        0.0230 
   6   C11        1.1560        3.1650        0.0080 
   6   C12        1.1750        1.7830        0.0000 
   6   C13       -0.0130        1.0760        0.0080 
   6   C14       -1.2190        1.7510        0.0170 
   6   C15       -1.2380        3.1330        0.0290 
   1   H16        2.2510        9.7870       -2.4330 
   1   H17        1.5120       11.2660       -1.7730 
   1   H18        1.5130        9.7670       -0.8130 
   1   H19       -0.1310        7.5740       -3.4040 
   1   H20        0.8000        5.5180       -1.9310 
   1   H21       -0.9800        5.4930       -1.9150 
   1   H22       -0.9610        5.6950        0.5560 
   1   H23        0.8190        5.7190        0.5400 
   1   H24        2.0840        3.7180        0.0030 
   1   H25        2.1180        1.2560       -0.0110 
   1   H26        0.0020       -0.0040        0.0020 
   1   H27       -2.1470        1.1980        0.0190 
   1   H28       -2.1800        3.6600        0.0410 

