Run semi-empirical minimization
 &qmmm
    qm_theory='AM1', grms_tol=0.0005,
  scfconv=1.d-10,   qmcharge=0,
 /
   8    O1       -0.4390        0.6040       -3.9820 
  16    S2        0.3210        1.0220       -2.8560 
   7    N3        1.5890       -0.0340       -2.7290 
   6    C4        2.4890        0.0380       -1.5750 
   6    C5        1.6940       -0.0980       -0.2420 
  16    S6        1.7190        1.7310       -0.3220 
   6    C7        3.1280        1.4550       -1.4580 
   6    C8        3.5710       -1.0390       -1.6750 
   6    C9        4.3320       -0.8770       -2.9930 
   6   C10        5.3980       -1.9380       -3.0910 
   6   C11        6.6670       -1.6910       -2.6020 
   6   C12        7.6430       -2.6650       -2.6880 
   6   C13        7.3530       -3.8840       -3.2730 
   6   C14        6.0860       -4.1300       -3.7660 
   6   C15        5.1080       -3.1570       -3.6760 
   7   N16        0.9530        2.5030       -3.2430 
   6   C17        1.5930        2.7090       -4.5450 
   6   C18        0.8740        3.6070       -2.2840 
   8   O19       -0.2290        1.1490       -1.5520 
   1   H20        1.7360       -0.7010       -3.4170 
   1   H21        2.2670       -0.5200        0.5840 
   1   H22        0.7030       -0.5400       -0.3520 
   1   H23        3.0880        2.0440       -2.3750 
   1   H24        4.1050        1.4700       -0.9750 
   1   H25        4.2650       -0.9360       -0.8400 
   1   H26        3.1070       -2.0250       -1.6420 
   1   H27        3.6390       -0.9800       -3.8270 
   1   H28        4.7960        0.1080       -3.0260 
   1   H29        6.8940       -0.7370       -2.1490 
   1   H30        8.6340       -2.4730       -2.3030 
   1   H31        8.1170       -4.6440       -3.3440 
   1   H32        5.8600       -5.0820       -4.2230 
   1   H33        4.1180       -3.3490       -4.0620 
   1   H34        0.8470        3.0410       -5.2680 
   1   H35        2.3720        3.4650       -4.4520 
   1   H36        2.0350        1.7720       -4.8850 
   1   H37        0.2850        3.2970       -1.4210 
   1   H38        1.8780        3.8800       -1.9600 
   1   H39        0.3990        4.4660       -2.7570 

