Run semi-empirical minimization
 &qmmm
    qm_theory='AM1', grms_tol=0.0005,
  scfconv=1.d-10,   qmcharge=0,
 /
   8    O1       -0.9740       -1.8880       -1.9000 
  16    S2       -0.6780       -0.4980       -1.8950 
   7    N3       -0.1690       -0.1340       -0.3620 
   6    C4        0.3320        1.2090       -0.0560 
   6    C5        0.0300        1.6520        1.3770 
  16    S6       -0.0970        3.3730        0.8140 
   6    C7       -0.5700        2.3240       -0.5890 
   8    O8        1.1720        3.9870        0.6370 
   8    O9       -1.2020        4.0600        1.3840 
   6   C10        1.8020        1.3870       -0.4440 
   6   C11        2.6430        0.3040        0.2340 
   6   C12        4.1030        0.5570       -0.0400 
   6   C13        4.7040       -0.0050       -1.1510 
   6   C14        6.0430        0.2310       -1.4060 
   6   C15        6.7820        1.0190       -0.5440 
   6   C16        6.1810        1.5760        0.5700 
   6   C17        4.8420        1.3450        0.8220 
   7   N18        0.6200       -0.2940       -2.9030 
   6   C19        1.6300       -1.3480       -3.0200 
   6   C20        0.7570        0.9420       -3.6790 
   8   O21       -1.6240        0.5000       -2.2520 
   1   H22       -0.2030       -0.8090        0.3340 
   1   H23       -0.9110        1.2560        1.7590 
   1   H24        0.8610        1.4850        2.0620 
   1   H25       -0.2410        2.7190       -1.5500 
   1   H26       -1.6270        2.0570       -0.5870 
   1   H27        1.9050        1.3030       -1.5250 
   1   H28        2.1460        2.3700       -0.1210 
   1   H29        2.4660        0.3270        1.3100 
   1   H30        2.3630       -0.6730       -0.1590 
   1   H31        4.1280       -0.6240       -1.8220 
   1   H32        6.5120       -0.2040       -2.2760 
   1   H33        7.8280        1.2000       -0.7400 
   1   H34        6.7590        2.1920        1.2440 
   1   H35        4.3730        1.7800        1.6920 
   1   H36        1.3490       -2.0340       -3.8200 
   1   H37        2.5970       -0.9010       -3.2490 
   1   H38        1.6960       -1.8940       -2.0790 
   1   H39        1.3820        1.6470       -3.1310 
   1   H40        1.2200        0.7180       -4.6400 
   1   H41       -0.2270        1.3800       -3.8420 

