Run semi-empirical minimization
 &qmmm
    qm_theory='AM1', grms_tol=0.0005,
  scfconv=1.d-10,   qmcharge=0,
 /
   8    O1       -2.4340        0.7440        0.0430 
  16    S2       -1.4560        1.7740        0.0190 
   7    N3       -0.0110        0.9660        0.0070 
   6    C4        1.1840        1.6780       -0.0000 
   7    N5        1.3220        2.9790        0.0060 
   8    O6        2.4850        3.3070       -0.0030 
   6    C7        3.3030        2.2390       -0.0170 
   6    C8        4.7810        2.2540       -0.0310 
   6    C9        5.4940        1.0540       -0.0380 
   6   C10        6.8730        1.0750       -0.0550 
   6   C11        7.5500        2.2820       -0.0560 
   6   C12        6.8490        3.4750       -0.0430 
   6   C13        5.4700        3.4680       -0.0310 
   6   C14        2.4950        1.1370       -0.0100 
   6   C15       -1.4960        2.6520       -1.5690 
   8   O16       -1.3350        2.6950        1.0940 
   1   H17        0.0020       -0.0040        0.0020 
   1   H18        4.9670        0.1110       -0.0340 
   1   H19        7.4260        0.1470       -0.0650 
   1   H20        8.6300        2.2930       -0.0650 
   1   H21        7.3830        4.4130       -0.0440 
   1   H22        4.9240        4.3990       -0.0220 
   1   H23        2.7860        0.0980       -0.0130 
   1   H24       -1.4400        1.9310       -2.3840 
   1   H25       -2.4250        3.2170       -1.6480 
   1   H26       -0.6490        3.3340       -1.6280 

