Run semi-empirical minimization
 &qmmm
    qm_theory='AM1', grms_tol=0.0005,
  scfconv=1.d-10,   qmcharge=0,
 /
   8    O1        9.4310       -1.9480       -0.1320 
  16    S2        8.0780       -2.3790       -0.0860 
   7    N3        7.1510       -1.0070       -0.0700 
   6    C4        5.7500       -1.1060       -0.0580 
   7    N5        5.0250       -2.2330       -0.0570 
   7    N6        3.7760       -1.9300       -0.0440 
   6    C7        4.8620       -0.0770       -0.0500 
   7    N8        3.6240       -0.6520       -0.0360 
   6    C9        2.3990        0.0310       -0.0210 
   6   C10        1.2070       -0.6800       -0.0130 
   6   C11        0.0020       -0.0040        0.0020 
   6   C12       -0.0170        1.3790        0.0100 
   6   C13        1.1700        2.0890        0.0020 
   6   C14        2.3770        1.4190       -0.0130 
   6   C15        7.7660       -3.2010       -1.6130 
   6   C16        6.7530       -4.1380       -1.6990 
   6   C17        6.5050       -4.7800       -2.8980 
   6   C18        7.2770       -4.4920       -4.0080 
   6   C19        8.2940       -3.5590       -3.9210 
   6   C20        8.5380       -2.9140       -2.7230 
   8   O21        7.5640       -3.2220        0.9360 
   1   H22        7.5750       -0.1340       -0.0700 
   1   H23        5.0890        0.9790       -0.0520 
   1   H24        1.2210       -1.7600       -0.0190 
   1   H25       -0.9260       -0.5560        0.0080 
   1   H26       -0.9600        1.9050        0.0170 
   1   H27        1.1520        3.1690        0.0080 
   1   H28        3.3040        1.9740       -0.0190 
   1   H29        6.1530       -4.3660       -0.8310 
   1   H30        5.7120       -5.5090       -2.9670 
   1   H31        7.0870       -4.9970       -4.9440 
   1   H32        8.8970       -3.3350       -4.7880 
   1   H33        9.3320       -2.1850       -2.6550 

