Run semi-empirical minimization
 &qmmm
    qm_theory='AM1', grms_tol=0.0005,
  scfconv=1.d-10,   qmcharge=0,
 /
   6    C1       -1.4670       -1.5580       -1.5450 
  16    S2       -2.5560       -0.1930       -2.0350 
   7    N3       -2.3180        0.9630       -0.8730 
   6    C4       -0.9960        1.5720       -0.7060 
   6    C5        0.0110        0.6440       -0.0230 
  16    S6       -0.6570        1.1160        1.5970 
   8    O7       -2.0190        0.4370        1.6160 
   6    C8       -0.9200        2.5270        0.4870 
   6    C9       -0.4650        2.1850       -2.0040 
   6   C10       -1.5190        3.1250       -2.5920 
   6   C11       -0.9500        3.8250       -3.7990 
   6   C12       -0.2950        5.0330       -3.6530 
   6   C13        0.2310        5.6730       -4.7600 
   6   C14        0.0930        5.1090       -6.0150 
   6   C15       -0.5660        3.9030       -6.1610 
   6   C16       -1.0880        3.2610       -5.0540 
   8   O17       -3.9200       -0.5650       -1.8850 
   8   O18       -2.0890        0.4120       -3.2330 
   1   H19       -1.6490       -1.8110       -0.5000 
   1   H20       -1.6700       -2.4280       -2.1700 
   1   H21       -0.4270       -1.2560       -1.6700 
   1   H22       -3.0540        1.2370       -0.3040 
   1   H23       -0.1450       -0.4080       -0.2610 
   1   H24        1.0460        0.9550       -0.1660 
   1   H25       -0.0650        3.2020        0.4420 
   1   H26       -1.8560        3.0530        0.6750 
   1   H27        0.4460        2.7450       -1.7950 
   1   H28       -0.2470        1.3910       -2.7180 
   1   H29       -2.3970        2.5490       -2.8850 
   1   H30       -1.8040        3.8650       -1.8440 
   1   H31       -0.1910        5.4760       -2.6740 
   1   H32        0.7460        6.6150       -4.6450 
   1   H33        0.5000        5.6100       -6.8800 
   1   H34       -0.6740        3.4620       -7.1410 
   1   H35       -1.6030        2.3190       -5.1680 

